16
-1 -3 1
-3 -3 1
-3 -5 1
3 -5 1
3 -3 1
1 -3 1
1 3 1
-1 3 1
-1 -3 -1
-3 -3 -1
-3 -5 -1
3 -5 -1
3 -3 -1
1 -3 -1
1 3 -1
-1 3 -1
24
0 1
1 2
2 3
3 4
4 5
5 6
6 7
7 0
8 9
9 10
10 11
11 12
12 13
13 14
14 15
15 8
0 8
1 9
2 10
3 11
4 12
5 13
6 14
7 15


12
12 0 -8
6 -9 -8
-6 -9 -8
-12 0 -8
-6 9 -8
6 9 -8
12 0 9
6 -9 9
-6 -9 9
-12 0 9
-6 9 9
6 9 9
18
0 1
1 2
2 3
3 4
4 5
5 0
6 7
7 8
8 9
9 10
10 11
11 6
0 6
1 7
2 8
3 9
4 10
5 11
6 12


8
5 5 -4
5 -5 -4
-5 -5 -4
-5 5 -4
5 5 4
5 -5 4
-5 -5 4
-5 5 4
12
0 1
1 2
2 3
3 0
4 5
5 6
6 7
7 4
0 4
1 5
2 6
3 7